%YAML:1.0
---
names:
   - Camera_B1
   - Camera_B2
   - Camera_B3
   - Camera_B4
   - Camera_B5
   - Camera_B6
   - Camera_B7
   - Camera_B8
   - Camera_B9
   - Camera_B10
   - Camera_B11
   - Camera_B12
   - Camera_B13
   - Camera_B14
   - Camera_B15
   - Camera_B16
   - Camera_B17
   - Camera_B18
   - Camera_B19
   - Camera_B20
   - Camera_B21
   - Camera_B22
   - Camera_B23
Rot_Camera_B1: !!opencv-matrix
   rows: 3
   cols: 3
   dt: d
   data: [ -6.9762619033143669e-01, -3.8167030760363674e-01,
       6.0633775641748677e-01, 5.5751526940509083e-02,
       8.1480943230510583e-01, 5.7704190165917157e-01,
       -7.1428948319812746e-01, 4.3636379927805274e-01,
       -5.4715369766837507e-01 ]
T_Camera_B1: !!opencv-matrix
   rows: 3
   cols: 1
   dt: d
   data: [ 8.5188511234920328e-02, -1.4817049990199946e+00,
       3.8485011689326036e+00 ]
R_Camera_B1: !!opencv-matrix
   rows: 3
   cols: 1
   dt: d
   data: [ -2.3817937137281533e-01, 2.2359284097912333e+00,
       7.4059043883187547e-01 ]
Rot_Camera_B2: !!opencv-matrix
   rows: 3
   cols: 3
   dt: d
   data: [ -9.1772765607366824e-01, -3.4144932099698178e-01,
       2.0294903416432181e-01, -1.0347674181959601e-01,
       6.9880851872085525e-01, 7.0778472579278284e-01,
       -3.8349512797417856e-01, 6.2855311259579671e-01,
       -6.7664796716328357e-01 ]
T_Camera_B2: !!opencv-matrix
   rows: 3
   cols: 1
   dt: d
   data: [ 1.0134394884051030e+00, -1.5581587723510713e+00,
       3.6112926671888594e+00 ]
R_Camera_B2: !!opencv-matrix
   rows: 3
   cols: 1
   dt: d
   data: [ -3.4993123655307384e-01, 2.5900662948291782e+00,
       1.0510203634277939e+00 ]
Rot_Camera_B3: !!opencv-matrix
   rows: 3
   cols: 3
   dt: d
   data: [ -9.7557281652885863e-01, -1.8927258127478175e-01,
       1.1150591745522281e-01, -6.1985669376394895e-02,
       7.2414271976533651e-01, 6.8685886337938573e-01,
       -2.1074974837923316e-01, 6.6316906697194677e-01,
       -7.1818614033525263e-01 ]
T_Camera_B3: !!opencv-matrix
   rows: 3
   cols: 1
   dt: d
   data: [ 7.6592253633386831e-01, -1.5768516389968685e+00,
       3.6052591621081436e+00 ]
R_Camera_B3: !!opencv-matrix
   rows: 3
   cols: 1
   dt: d
   data: [ -2.0239178681461178e-01, 2.7531642272318995e+00,
       1.0874650458852764e+00 ]
Rot_Camera_B4: !!opencv-matrix
   rows: 3
   cols: 3
   dt: d
   data: [ -9.7017307161659738e-01, -2.4228377382045535e-01,
       -7.9236388947817177e-03, -1.7254851812262084e-01,
       6.6723651677125417e-01, 7.2458432192578626e-01,
       -1.7026808275100785e-01, 7.0433940939740280e-01,
       -6.8914060710860270e-01 ]
T_Camera_B4: !!opencv-matrix
   rows: 3
   cols: 1
   dt: d
   data: [ 2.9961195764126652e-01, -1.7207154568822816e+00,
       3.5238882674055629e+00 ]
R_Camera_B4: !!opencv-matrix
   rows: 3
   cols: 1
   dt: d
   data: [ -3.4748755346616389e-01, 2.7865111066957797e+00,
       1.1969492759627554e+00 ]
Rot_Camera_B5: !!opencv-matrix
   rows: 3
   cols: 3
   dt: d
   data: [ -9.5762174259571897e-01, -1.3316771727160157e-02,
       -2.8772080511965925e-01, -2.0132207638581601e-01,
       7.4533762364327627e-01, 6.3556372484708212e-01,
       2.0598548411876483e-01, 6.6655419162477736e-01,
       -7.1643247411029409e-01 ]
T_Camera_B5: !!opencv-matrix
   rows: 3
   cols: 1
   dt: d
   data: [ 2.8832914488371797e-01, -1.3935221840073320e+00,
       3.6095867586820938e+00 ]
R_Camera_B5: !!opencv-matrix
   rows: 3
   cols: 1
   dt: d
   data: [ 1.6829284141096537e-01, -2.6810578502870013e+00,
       -1.0209574172697398e+00 ]
Rot_Camera_B6: !!opencv-matrix
   rows: 3
   cols: 3
   dt: d
   data: [ -9.1765652773966055e-01, 2.0521299350016176e-03,
       -3.9736920597791636e-01, -2.5803179421318245e-01,
       7.5740951488892794e-01, 5.9979198054896055e-01,
       3.0220206860959054e-01, 6.5293691542020260e-01,
       -6.9451227074086741e-01 ]
T_Camera_B6: !!opencv-matrix
   rows: 3
   cols: 1
   dt: d
   data: [ -1.8035841360383187e-01, -1.4195885153581895e+00,
       3.5332501813181652e+00 ]
R_Camera_B6: !!opencv-matrix
   rows: 3
   cols: 1
   dt: d
   data: [ 1.9590064578716329e-01, -2.5787304998655767e+00,
       -9.5871053041894672e-01 ]
Rot_Camera_B7: !!opencv-matrix
   rows: 3
   cols: 3
   dt: d
   data: [ -7.0187476877654820e-01, 9.7621047896046337e-02,
       -7.0557915215980216e-01, -3.8302534490462081e-01,
       7.8343600092659538e-01, 4.8940741475057364e-01,
       6.0055257398129902e-01, 6.1375741417910512e-01,
       -5.1248262646124410e-01 ]
T_Camera_B7: !!opencv-matrix
   rows: 3
   cols: 1
   dt: d
   data: [ -1.7704944223716074e-02, -1.2406219393835236e+00,
       3.4647067288071187e+00 ]
R_Camera_B7: !!opencv-matrix
   rows: 3
   cols: 1
   dt: d
   data: [ 2.1074174613814606e-01, -2.2135623797216541e+00,
       -8.1457386859121128e-01 ]
Rot_Camera_B8: !!opencv-matrix
   rows: 3
   cols: 3
   dt: d
   data: [ -4.0408656010491573e-01, 1.9373383368473165e-01,
       -8.9396938069958121e-01, -4.6448358795069988e-01,
       7.9848052073022047e-01, 3.8299328262887378e-01,
       7.8801589353706603e-01, 5.6999654358619811e-01,
       -2.3266906075532823e-01 ]
T_Camera_B8: !!opencv-matrix
   rows: 3
   cols: 1
   dt: d
   data: [ 4.6380628483100950e-01, -1.2621054485440313e+00,
       3.3636018836650172e+00 ]
R_Camera_B8: !!opencv-matrix
   rows: 3
   cols: 1
   dt: d
   data: [ 2.0630722643495752e-01, -1.8556131858652130e+00,
       -7.2616386448878290e-01 ]
Rot_Camera_B9: !!opencv-matrix
   rows: 3
   cols: 3
   dt: d
   data: [ -2.5042304519622610e-01, 3.3844531404287920e-01,
       -9.0705185509818920e-01, -4.6020121176290391e-01,
       7.8267342798144846e-01, 4.1909086105965532e-01,
       8.5176472287046745e-01, 5.2237637248844371e-01,
       -4.0246519591274010e-02 ]
T_Camera_B9: !!opencv-matrix
   rows: 3
   cols: 1
   dt: d
   data: [ 2.3108415779813890e-01, -1.3637533399444144e+00,
       3.2856374916641577e+00 ]
R_Camera_B9: !!opencv-matrix
   rows: 3
   cols: 1
   dt: d
   data: [ 9.7582973062853143e-02, -1.6617098407722730e+00,
       -7.5455212775104241e-01 ]
Rot_Camera_B10: !!opencv-matrix
   rows: 3
   cols: 3
   dt: d
   data: [ -1.9925720524323498e-01, 4.1338938645068585e-01,
       -8.8848510473084552e-01, -4.4586201808396569e-01,
       7.6914070818306990e-01, 4.5785328637647588e-01,
       8.7264175180239301e-01, 4.8737232808764525e-01,
       3.1057798146033933e-02 ]
T_Camera_B10: !!opencv-matrix
   rows: 3
   cols: 1
   dt: d
   data: [ -4.7879029379404692e-01, -1.3443816394979162e+00,
       3.2660380462456970e+00 ]
R_Camera_B10: !!opencv-matrix
   rows: 3
   cols: 1
   dt: d
   data: [ 2.6685657289765300e-02, -1.5920851427729406e+00,
       -7.7677618167682616e-01 ]
Rot_Camera_B11: !!opencv-matrix
   rows: 3
   cols: 3
   dt: d
   data: [ 2.9281141977487934e-01, 3.3185051653490560e-01,
       -8.9673669888375596e-01, -4.5028057819422840e-01,
       8.7519802475478969e-01, 1.7684970558750174e-01,
       8.4350985373645226e-01, 3.5199950588151546e-01,
       4.0569381867201060e-01 ]
T_Camera_B11: !!opencv-matrix
   rows: 3
   cols: 1
   dt: d
   data: [ 3.7367483248871169e-01, -1.4551576223786757e+00,
       3.2324552204955244e+00 ]
R_Camera_B11: !!opencv-matrix
   rows: 3
   cols: 1
   dt: d
   data: [ 1.1700033791803495e-01, -1.1624873929372030e+00,
       -5.2246478286529285e-01 ]
Rot_Camera_B12: !!opencv-matrix
   rows: 3
   cols: 3
   dt: d
   data: [ 4.6092618449169243e-01, 3.2843411753852370e-01,
       -8.2442591109609209e-01, -4.1942222629733217e-01,
       8.9931360791383486e-01, 1.2377411162594092e-01,
       7.8206908169145772e-01, 2.8873182203853553e-01,
       5.5226975872718909e-01 ]
T_Camera_B12: !!opencv-matrix
   rows: 3
   cols: 1
   dt: d
   data: [ -2.0663603739717656e-01, -1.3631520487048412e+00,
       3.2503910267248877e+00 ]
R_Camera_B12: !!opencv-matrix
   rows: 3
   cols: 1
   dt: d
   data: [ 1.0168071516003538e-01, -9.9025113381533769e-01,
       -4.6098219772813509e-01 ]
Rot_Camera_B13: !!opencv-matrix
   rows: 3
   cols: 3
   dt: d
   data: [ 5.4606657153615845e-01, 3.9967420051048919e-01,
       -7.3625527699096793e-01, -4.4170580030427398e-01,
       8.8413093353100725e-01, 1.5234329112616174e-01,
       7.1183374844714031e-01, 2.4201864766974235e-01,
       6.5933276025979670e-01 ]
T_Camera_B13: !!opencv-matrix
   rows: 3
   cols: 1
   dt: d
   data: [ -7.5309262122986653e-01, -1.2992637403509193e+00,
       3.2247080999186610e+00 ]
R_Camera_B13: !!opencv-matrix
   rows: 3
   cols: 1
   dt: d
   data: [ 5.3183964325819552e-02, -8.5882139796213908e-01,
       -4.9899911940738934e-01 ]
Rot_Camera_B14: !!opencv-matrix
   rows: 3
   cols: 3
   dt: d
   data: [ 8.6122911423774084e-01, 2.8387244748548013e-01,
       -4.2154578203070631e-01, -2.7936820061728262e-01,
       9.5733441493646010e-01, 7.3920406263273994e-02,
       4.2454425125437539e-01, 5.4104080593510233e-02,
       9.0378920506387594e-01 ]
T_Camera_B14: !!opencv-matrix
   rows: 3
   cols: 1
   dt: d
   data: [ -2.4078877758532999e-01, -1.1954148484429303e+00,
       3.3782879920776545e+00 ]
R_Camera_B14: !!opencv-matrix
   rows: 3
   cols: 1
   dt: d
   data: [ -1.0393733098230922e-02, -4.4377722336571257e-01,
       -2.9542171762887215e-01 ]
Rot_Camera_B15: !!opencv-matrix
   rows: 3
   cols: 3
   dt: d
   data: [ 9.7158771383272657e-01, 1.9722947211124597e-01,
       -1.3083520038588684e-01, -2.0091013011015307e-01,
       9.7948826079066986e-01, -1.5422924248990336e-02,
       1.2510968766813099e-01, 4.1270840844208317e-02,
       9.9128415893102761e-01 ]
T_Camera_B15: !!opencv-matrix
   rows: 3
   cols: 1
   dt: d
   data: [ -3.7811595603463249e-01, -1.5894522658469898e+00,
       3.3827619149684800e+00 ]
R_Camera_B15: !!opencv-matrix
   rows: 3
   cols: 1
   dt: d
   data: [ 2.8622379524515545e-02, -1.2921617943699754e-01,
       -2.0100451574855166e-01 ]
Rot_Camera_B16: !!opencv-matrix
   rows: 3
   cols: 3
   dt: d
   data: [ 9.9041633496637327e-01, 8.6624341678727970e-02,
       1.0757186835090174e-01, -9.4852472759188497e-02,
       9.9274602729673489e-01, 7.3880536665741028e-02,
       -1.0039169210270413e-01, -8.3375948062240898e-02,
       9.9144841491702340e-01 ]
T_Camera_B16: !!opencv-matrix
   rows: 3
   cols: 1
   dt: d
   data: [ -3.2977212434609127e-01, -1.2054731156168326e+00,
       3.5730601342977151e+00 ]
R_Camera_B16: !!opencv-matrix
   rows: 3
   cols: 1
   dt: d
   data: [ -7.8962659427417328e-02, 1.0442402948162309e-01,
       -9.1124330530605938e-02 ]
Rot_Camera_B17: !!opencv-matrix
   rows: 3
   cols: 3
   dt: d
   data: [ 9.3961204975209534e-01, -7.1259132298793895e-02,
       3.3474069370886017e-01, 7.4471129629380947e-02,
       9.9721788376499421e-01, 3.2470218648160670e-03,
       -3.3404078615101762e-01, 2.1877576723431734e-02,
       9.4230468789257360e-01 ]
T_Camera_B17: !!opencv-matrix
   rows: 3
   cols: 1
   dt: d
   data: [ -1.5185402557621591e-01, -1.5391239473227056e+00,
       3.4505015751384858e+00 ]
R_Camera_B17: !!opencv-matrix
   rows: 3
   cols: 1
   dt: d
   data: [ 9.5075833010195634e-03, 3.4129394847338385e-01,
       7.4369368774906922e-02 ]
Rot_Camera_B18: !!opencv-matrix
   rows: 3
   cols: 3
   dt: d
   data: [ 7.8582414179789484e-01, -6.2831023903308830e-02,
       6.1525009597956493e-01, 1.1373343792139093e-01,
       9.9254073807473819e-01, -4.3904309135153238e-02,
       -6.0790223166738178e-01, 1.0447557464458294e-01,
       7.8710846205367457e-01 ]
T_Camera_B18: !!opencv-matrix
   rows: 3
   cols: 1
   dt: d
   data: [ -4.0016358373127842e-01, -1.7718351231142904e+00,
       3.4617018562192237e+00 ]
R_Camera_B18: !!opencv-matrix
   rows: 3
   cols: 1
   dt: d
   data: [ 8.0077931835933411e-02, 6.6011312465828942e-01,
       9.5288637371055043e-02 ]
Rot_Camera_B19: !!opencv-matrix
   rows: 3
   cols: 3
   dt: d
   data: [ 5.7862311784160791e-01, -1.3049278507807552e-01,
       8.0508814457910383e-01, 1.4538700104087685e-01,
       9.8781030388521207e-01, 5.5618553258286789e-02,
       -8.0253218466775333e-01, 8.4867170217770321e-02,
       5.9054183255010073e-01 ]
T_Camera_B19: !!opencv-matrix
   rows: 3
   cols: 1
   dt: d
   data: [ -3.4529888451509017e-01, -1.6762852251078890e+00,
       3.6331318186482249e+00 ]
R_Camera_B19: !!opencv-matrix
   rows: 3
   cols: 1
   dt: d
   data: [ 1.7102629422613747e-02, 9.4002854157021920e-01,
       1.6131599499963825e-01 ]
Rot_Camera_B20: !!opencv-matrix
   rows: 3
   cols: 3
   dt: d
   data: [ 4.2667092777070115e-01, -2.8686409109572780e-01,
       8.5770677543966689e-01, 2.1703664575221429e-01,
       9.5312817906434977e-01, 2.1081216443579498e-01,
       -8.7797893698876239e-01, 9.6206379795202732e-02,
       4.6893210456395951e-01 ]
T_Camera_B20: !!opencv-matrix
   rows: 3
   cols: 1
   dt: d
   data: [ -2.9038752974943793e-01, -1.6597860193409557e+00,
       3.7060679500274571e+00 ]
R_Camera_B20: !!opencv-matrix
   rows: 3
   cols: 1
   dt: d
   data: [ -7.1671110216189535e-02, 1.0854471472469001e+00,
       3.1512480248624697e-01 ]
Rot_Camera_B21: !!opencv-matrix
   rows: 3
   cols: 3
   dt: d
   data: [ 1.0164632823627182e-01, -2.8802731435681356e-01,
       9.5221231358373326e-01, 2.2234048904681253e-01,
       9.3953506795103525e-01, 2.6045837099365393e-01,
       -9.6965598584575807e-01, 1.8524071440869827e-01,
       1.5954042383937272e-01 ]
T_Camera_B21: !!opencv-matrix
   rows: 3
   cols: 1
   dt: d
   data: [ -1.7361071421583180e-01, -1.4687117533336556e+00,
       3.7872667203999146e+00 ]
R_Camera_B21: !!opencv-matrix
   rows: 3
   cols: 1
   dt: d
   data: [ -5.5575583628052434e-02, 1.4199984052469086e+00,
       3.7709215930022433e-01 ]
Rot_Camera_B22: !!opencv-matrix
   rows: 3
   cols: 3
   dt: d
   data: [ -2.0870005519600582e-01, -3.9564346729522726e-01,
       8.9437717644615422e-01, 2.1810332298783186e-01,
       8.7265411796840586e-01, 4.3692760372222883e-01,
       -9.5334947813634974e-01, 2.8625344920086815e-01,
       -9.5831807651511558e-02 ]
T_Camera_B22: !!opencv-matrix
   rows: 3
   cols: 1
   dt: d
   data: [ 3.7347561350937719e-01, -1.4764027525314327e+00,
       3.7964033427308466e+00 ]
R_Camera_B22: !!opencv-matrix
   rows: 3
   cols: 1
   dt: d
   data: [ -1.3799223343732700e-01, 1.6922074569290086e+00,
       5.6208903660477161e-01 ]
Rot_Camera_B23: !!opencv-matrix
   rows: 3
   cols: 3
   dt: d
   data: [ -3.8322850151982801e-01, -3.0933496887221745e-01,
       8.7031476642401684e-01, 2.3839389858878676e-01,
       8.7720187054491938e-01, 4.1675559675682072e-01,
       -8.9235882062010574e-01, 3.6719035301232894e-01,
       -2.6242518918003066e-01 ]
T_Camera_B23: !!opencv-matrix
   rows: 3
   cols: 1
   dt: d
   data: [ 7.5274687924248601e-02, -1.5481313744580816e+00,
       3.7925799653205914e+00 ]
R_Camera_B23: !!opencv-matrix
   rows: 3
   cols: 1
   dt: d
   data: [ -5.2751182661665542e-02, 1.8759741572619788e+00,
       5.8293560877955941e-01 ]
