%YAML:1.0
---
names:
   - Camera_B1
   - Camera_B2
   - Camera_B3
   - Camera_B4
   - Camera_B5
   - Camera_B6
   - Camera_B7
   - Camera_B8
   - Camera_B9
   - Camera_B10
   - Camera_B11
   - Camera_B12
   - Camera_B13
   - Camera_B14
   - Camera_B15
   - Camera_B16
   - Camera_B17
   - Camera_B18
   - Camera_B19
   - Camera_B20
   - Camera_B21
   - Camera_B22
   - Camera_B23
Rot_Camera_B1: !!opencv-matrix
   rows: 3
   cols: 3
   dt: d
   data: [ -6.9762619033143669e-01, -3.8167030760363674e-01,
       6.0633775641748677e-01, 5.5751526940509083e-02,
       8.1480943230510583e-01, 5.7704190165917157e-01,
       -7.1428948319812746e-01, 4.3636379927805274e-01,
       -5.4715369766837507e-01 ]
T_Camera_B1: !!opencv-matrix
   rows: 3
   cols: 1
   dt: d
   data: [ 8.5188511234920328e-02, -1.4817049990199946e+00,
       3.8485011689326036e+00 ]
R_Camera_B1: !!opencv-matrix
   rows: 3
   cols: 1
   dt: d
   data: [ -2.3817937137281533e-01, 2.2359284097912333e+00,
       7.4059043883187547e-01 ]
Rot_Camera_B2: !!opencv-matrix
   rows: 3
   cols: 3
   dt: d
   data: [ -9.1772765607366824e-01, -3.4144932099698178e-01,
       2.0294903416432181e-01, -1.0347674181959601e-01,
       6.9880851872085525e-01, 7.0778472579278284e-01,
       -3.8349512797417856e-01, 6.2855311259579671e-01,
       -6.7664796716328357e-01 ]
T_Camera_B2: !!opencv-matrix
   rows: 3
   cols: 1
   dt: d
   data: [ 1.0134394884051030e+00, -1.5581587723510713e+00,
       3.6112926671888594e+00 ]
R_Camera_B2: !!opencv-matrix
   rows: 3
   cols: 1
   dt: d
   data: [ -3.4993123655307384e-01, 2.5900662948291782e+00,
       1.0510203634277939e+00 ]
Rot_Camera_B3: !!opencv-matrix
   rows: 3
   cols: 3
   dt: d
   data: [ -9.7557281652885863e-01, -1.8927258127478175e-01,
       1.1150591745522281e-01, -6.1985669376394895e-02,
       7.2414271976533651e-01, 6.8685886337938573e-01,
       -2.1074974837923316e-01, 6.6316906697194677e-01,
       -7.1818614033525263e-01 ]
T_Camera_B3: !!opencv-matrix
   rows: 3
   cols: 1
   dt: d
   data: [ 7.6592253633386831e-01, -1.5768516389968685e+00,
       3.6052591621081436e+00 ]
R_Camera_B3: !!opencv-matrix
   rows: 3
   cols: 1
   dt: d
   data: [ -2.0239178681461178e-01, 2.7531642272318995e+00,
       1.0874650458852764e+00 ]
Rot_Camera_B4: !!opencv-matrix
   rows: 3
   cols: 3
   dt: d
   data: [ -9.7017307161659738e-01, -2.4228377382045535e-01,
       -7.9236388947817177e-03, -1.7254851812262084e-01,
       6.6723651677125417e-01, 7.2458432192578626e-01,
       -1.7026808275100785e-01, 7.0433940939740280e-01,
       -6.8914060710860270e-01 ]
T_Camera_B4: !!opencv-matrix
   rows: 3
   cols: 1
   dt: d
   data: [ 2.9961195764126652e-01, -1.7207154568822816e+00,
       3.5238882674055629e+00 ]
R_Camera_B4: !!opencv-matrix
   rows: 3
   cols: 1
   dt: d
   data: [ -3.4748755346616389e-01, 2.7865111066957797e+00,
       1.1969492759627554e+00 ]
Rot_Camera_B5: !!opencv-matrix
   rows: 3
   cols: 3
   dt: d
   data: [ -9.5762174259571897e-01, -1.3316771727160157e-02,
       -2.8772080511965925e-01, -2.0132207638581601e-01,
       7.4533762364327627e-01, 6.3556372484708212e-01,
       2.0598548411876483e-01, 6.6655419162477736e-01,
       -7.1643247411029409e-01 ]
T_Camera_B5: !!opencv-matrix
   rows: 3
   cols: 1
   dt: d
   data: [ 2.8832914488371797e-01, -1.3935221840073320e+00,
       3.6095867586820938e+00 ]
R_Camera_B5: !!opencv-matrix
   rows: 3
   cols: 1
   dt: d
   data: [ 1.6829284141096537e-01, -2.6810578502870013e+00,
       -1.0209574172697398e+00 ]
Rot_Camera_B6: !!opencv-matrix
   rows: 3
   cols: 3
   dt: d
   data: [ -9.1765652773966055e-01, 2.0521299350016176e-03,
       -3.9736920597791636e-01, -2.5803179421318245e-01,
       7.5740951488892794e-01, 5.9979198054896055e-01,
       3.0220206860959054e-01, 6.5293691542020260e-01,
       -6.9451227074086741e-01 ]
T_Camera_B6: !!opencv-matrix
   rows: 3
   cols: 1
   dt: d
   data: [ -1.8035841360383187e-01, -1.4195885153581895e+00,
       3.5332501813181652e+00 ]
R_Camera_B6: !!opencv-matrix
   rows: 3
   cols: 1
   dt: d
   data: [ 1.9590064578716329e-01, -2.5787304998655767e+00,
       -9.5871053041894672e-01 ]
Rot_Camera_B7: !!opencv-matrix
   rows: 3
   cols: 3
   dt: d
   data: [ -7.0187476877654820e-01, 9.7621047896046337e-02,
       -7.0557915215980216e-01, -3.8302534490462081e-01,
       7.8343600092659538e-01, 4.8940741475057364e-01,
       6.0055257398129902e-01, 6.1375741417910512e-01,
       -5.1248262646124410e-01 ]
T_Camera_B7: !!opencv-matrix
   rows: 3
   cols: 1
   dt: d
   data: [ -1.7704944223716074e-02, -1.2406219393835236e+00,
       3.4647067288071187e+00 ]
R_Camera_B7: !!opencv-matrix
   rows: 3
   cols: 1
   dt: d
   data: [ 2.1074174613814606e-01, -2.2135623797216541e+00,
       -8.1457386859121128e-01 ]
Rot_Camera_B8: !!opencv-matrix
   rows: 3
   cols: 3
   dt: d
   data: [ -4.0408656010491573e-01, 1.9373383368473165e-01,
       -8.9396938069958121e-01, -4.6448358795069988e-01,
       7.9848052073022047e-01, 3.8299328262887378e-01,
       7.8801589353706603e-01, 5.6999654358619811e-01,
       -2.3266906075532823e-01 ]
T_Camera_B8: !!opencv-matrix
   rows: 3
   cols: 1
   dt: d
   data: [ 4.6380628483100950e-01, -1.2621054485440313e+00,
       3.3636018836650172e+00 ]
R_Camera_B8: !!opencv-matrix
   rows: 3
   cols: 1
   dt: d
   data: [ 2.0630722643495752e-01, -1.8556131858652130e+00,
       -7.2616386448878290e-01 ]
Rot_Camera_B9: !!opencv-matrix
   rows: 3
   cols: 3
   dt: d
   data: [ -2.5042304519622610e-01, 3.3844531404287920e-01,
       -9.0705185509818920e-01, -4.6020121176290391e-01,
       7.8267342798144846e-01, 4.1909086105965532e-01,
       8.5176472287046745e-01, 5.2237637248844371e-01,
       -4.0246519591274010e-02 ]
T_Camera_B9: !!opencv-matrix
   rows: 3
   cols: 1
   dt: d
   data: [ 2.3108415779813890e-01, -1.3637533399444144e+00,
       3.2856374916641577e+00 ]
R_Camera_B9: !!opencv-matrix
   rows: 3
   cols: 1
   dt: d
   data: [ 9.7582973062853143e-02, -1.6617098407722730e+00,
       -7.5455212775104241e-01 ]
Rot_Camera_B10: !!opencv-matrix
   rows: 3
   cols: 3
   dt: d
   data: [ -1.9925720524323498e-01, 4.1338938645068585e-01,
       -8.8848510473084552e-01, -4.4586201808396569e-01,
       7.6914070818306990e-01, 4.5785328637647588e-01,
       8.7264175180239301e-01, 4.8737232808764525e-01,
       3.1057798146033933e-02 ]
T_Camera_B10: !!opencv-matrix
   rows: 3
   cols: 1
   dt: d
   data: [ -4.7879029379404692e-01, -1.3443816394979162e+00,
       3.2660380462456970e+00 ]
R_Camera_B10: !!opencv-matrix
   rows: 3
   cols: 1
   dt: d
   data: [ 2.6685657289765300e-02, -1.5920851427729406e+00,
       -7.7677618167682616e-01 ]
Rot_Camera_B11: !!opencv-matrix
   rows: 3
   cols: 3
   dt: d
   data: [ 2.9281141977487934e-01, 3.3185051653490560e-01,
       -8.9673669888375596e-01, -4.5028057819422840e-01,
       8.7519802475478969e-01, 1.7684970558750174e-01,
       8.4350985373645226e-01, 3.5199950588151546e-01,
       4.0569381867201060e-01 ]
T_Camera_B11: !!opencv-matrix
   rows: 3
   cols: 1
   dt: d
   data: [ 3.7367483248871169e-01, -1.4551576223786757e+00,
       3.2324552204955244e+00 ]
R_Camera_B11: !!opencv-matrix
   rows: 3
   cols: 1
   dt: d
   data: [ 1.1700033791803495e-01, -1.1624873929372030e+00,
       -5.2246478286529285e-01 ]
Rot_Camera_B12: !!opencv-matrix
   rows: 3
   cols: 3
   dt: d
   data: [ 4.6092618449169243e-01, 3.2843411753852370e-01,
       -8.2442591109609209e-01, -4.1942222629733217e-01,
       8.9931360791383486e-01, 1.2377411162594092e-01,
       7.8206908169145772e-01, 2.8873182203853553e-01,
       5.5226975872718909e-01 ]
T_Camera_B12: !!opencv-matrix
   rows: 3
   cols: 1
   dt: d
   data: [ -2.0663603739717656e-01, -1.3631520487048412e+00,
       3.2503910267248877e+00 ]
R_Camera_B12: !!opencv-matrix
   rows: 3
   cols: 1
   dt: d
   data: [ 1.0168071516003538e-01, -9.9025113381533769e-01,
       -4.6098219772813509e-01 ]
