%YAML:1.0
---
names:
   - Camera_B1
   - Camera_B2
   - Camera_B3
   - Camera_B4
   - Camera_B5
   - Camera_B6
   - Camera_B7
   - Camera_B8
   - Camera_B9
   - Camera_B10
   - Camera_B11
   - Camera_B12
   - Camera_B13
   - Camera_B14
   - Camera_B15
   - Camera_B16
   - Camera_B17
   - Camera_B18
   - Camera_B19
   - Camera_B20
   - Camera_B21
   - Camera_B22
   - Camera_B23
K_Camera_B1: !!opencv-matrix
   rows: 3
   cols: 3
   dt: d
   data: [ 1.1997039042697520e+03, 0., 512., 0., 1.2100503565393303e+03,
       512., 0., 0., 1. ]
dist_Camera_B1: !!opencv-matrix
   rows: 1
   cols: 5
   dt: d
   data: [ -2.1719725389641853e-01, 3.6350040104665882e-01,
       -2.9381607523671937e-03, -9.9254481013042123e-05, 0. ]
K_Camera_B2: !!opencv-matrix
   rows: 3
   cols: 3
   dt: d
   data: [ 1.1997039042697520e+03, 0., 512., 0., 1.2100503565393303e+03,
       512., 0., 0., 1. ]
dist_Camera_B2: !!opencv-matrix
   rows: 1
   cols: 5
   dt: d
   data: [ -2.1719725389641853e-01, 3.6350040104665882e-01,
       -2.9381607523671937e-03, -9.9254481013042123e-05, 0. ]
K_Camera_B3: !!opencv-matrix
   rows: 3
   cols: 3
   dt: d
   data: [ 1.1997039042697520e+03, 0., 512., 0., 1.2100503565393303e+03,
       512., 0., 0., 1. ]
dist_Camera_B3: !!opencv-matrix
   rows: 1
   cols: 5
   dt: d
   data: [ -2.1719725389641853e-01, 3.6350040104665882e-01,
       -2.9381607523671937e-03, -9.9254481013042123e-05, 0. ]
K_Camera_B4: !!opencv-matrix
   rows: 3
   cols: 3
   dt: d
   data: [ 1.1997039042697520e+03, 0., 512., 0., 1.2100503565393303e+03,
       512., 0., 0., 1. ]
dist_Camera_B4: !!opencv-matrix
   rows: 1
   cols: 5
   dt: d
   data: [ -2.1719725389641853e-01, 3.6350040104665882e-01,
       -2.9381607523671937e-03, -9.9254481013042123e-05, 0. ]
K_Camera_B5: !!opencv-matrix
   rows: 3
   cols: 3
   dt: d
   data: [ 1.1997039042697520e+03, 0., 512., 0., 1.2100503565393303e+03,
       512., 0., 0., 1. ]
dist_Camera_B5: !!opencv-matrix
   rows: 1
   cols: 5
   dt: d
   data: [ -2.1719725389641853e-01, 3.6350040104665882e-01,
       -2.9381607523671937e-03, -9.9254481013042123e-05, 0. ]
K_Camera_B6: !!opencv-matrix
   rows: 3
   cols: 3
   dt: d
   data: [ 1.1997039042697520e+03, 0., 512., 0., 1.2100503565393303e+03,
       512., 0., 0., 1. ]
dist_Camera_B6: !!opencv-matrix
   rows: 1
   cols: 5
   dt: d
   data: [ -2.1719725389641853e-01, 3.6350040104665882e-01,
       -2.9381607523671937e-03, -9.9254481013042123e-05, 0. ]
K_Camera_B7: !!opencv-matrix
   rows: 3
   cols: 3
   dt: d
   data: [ 1.1997039042697520e+03, 0., 512., 0., 1.2100503565393303e+03,
       512., 0., 0., 1. ]
dist_Camera_B7: !!opencv-matrix
   rows: 1
   cols: 5
   dt: d
   data: [ -2.1719725389641853e-01, 3.6350040104665882e-01,
       -2.9381607523671937e-03, -9.9254481013042123e-05, 0. ]
K_Camera_B8: !!opencv-matrix
   rows: 3
   cols: 3
   dt: d
   data: [ 1.1997039042697520e+03, 0., 512., 0., 1.2100503565393303e+03,
       512., 0., 0., 1. ]
dist_Camera_B8: !!opencv-matrix
   rows: 1
   cols: 5
   dt: d
   data: [ -2.1719725389641853e-01, 3.6350040104665882e-01,
       -2.9381607523671937e-03, -9.9254481013042123e-05, 0. ]
K_Camera_B9: !!opencv-matrix
   rows: 3
   cols: 3
   dt: d
   data: [ 1.1997039042697520e+03, 0., 512., 0., 1.2100503565393303e+03,
       512., 0., 0., 1. ]
dist_Camera_B9: !!opencv-matrix
   rows: 1
   cols: 5
   dt: d
   data: [ -2.1719725389641853e-01, 3.6350040104665882e-01,
       -2.9381607523671937e-03, -9.9254481013042123e-05, 0. ]
K_Camera_B10: !!opencv-matrix
   rows: 3
   cols: 3
   dt: d
   data: [ 1.1997039042697520e+03, 0., 512., 0., 1.2100503565393303e+03,
       512., 0., 0., 1. ]
dist_Camera_B10: !!opencv-matrix
   rows: 1
   cols: 5
   dt: d
   data: [ -2.1719725389641853e-01, 3.6350040104665882e-01,
       -2.9381607523671937e-03, -9.9254481013042123e-05, 0. ]
K_Camera_B11: !!opencv-matrix
   rows: 3
   cols: 3
   dt: d
   data: [ 1.1997039042697520e+03, 0., 512., 0., 1.2100503565393303e+03,
       512., 0., 0., 1. ]
dist_Camera_B11: !!opencv-matrix
   rows: 1
   cols: 5
   dt: d
   data: [ -2.1719725389641853e-01, 3.6350040104665882e-01,
       -2.9381607523671937e-03, -9.9254481013042123e-05, 0. ]
K_Camera_B12: !!opencv-matrix
   rows: 3
   cols: 3
   dt: d
   data: [ 1.1997039042697520e+03, 0., 512., 0., 1.2100503565393303e+03,
       512., 0., 0., 1. ]
dist_Camera_B12: !!opencv-matrix
   rows: 1
   cols: 5
   dt: d
   data: [ -2.1719725389641853e-01, 3.6350040104665882e-01,
       -2.9381607523671937e-03, -9.9254481013042123e-05, 0. ]
K_Camera_B13: !!opencv-matrix
   rows: 3
   cols: 3
   dt: d
   data: [ 1.1997039042697520e+03, 0., 512., 0., 1.2100503565393303e+03,
       512., 0., 0., 1. ]
dist_Camera_B13: !!opencv-matrix
   rows: 1
   cols: 5
   dt: d
   data: [ -2.1719725389641853e-01, 3.6350040104665882e-01,
       -2.9381607523671937e-03, -9.9254481013042123e-05, 0. ]
K_Camera_B14: !!opencv-matrix
   rows: 3
   cols: 3
   dt: d
   data: [ 1.1997039042697520e+03, 0., 512., 0., 1.2100503565393303e+03,
       512., 0., 0., 1. ]
dist_Camera_B14: !!opencv-matrix
   rows: 1
   cols: 5
   dt: d
   data: [ -2.1719725389641853e-01, 3.6350040104665882e-01,
       -2.9381607523671937e-03, -9.9254481013042123e-05, 0. ]
K_Camera_B15: !!opencv-matrix
   rows: 3
   cols: 3
   dt: d
   data: [ 1.1997039042697520e+03, 0., 512., 0., 1.2100503565393303e+03,
       512., 0., 0., 1. ]
dist_Camera_B15: !!opencv-matrix
   rows: 1
   cols: 5
   dt: d
   data: [ -2.1719725389641853e-01, 3.6350040104665882e-01,
       -2.9381607523671937e-03, -9.9254481013042123e-05, 0. ]
K_Camera_B16: !!opencv-matrix
   rows: 3
   cols: 3
   dt: d
   data: [ 1.1997039042697520e+03, 0., 512., 0., 1.2100503565393303e+03,
       512., 0., 0., 1. ]
dist_Camera_B16: !!opencv-matrix
   rows: 1
   cols: 5
   dt: d
   data: [ -2.1719725389641853e-01, 3.6350040104665882e-01,
       -2.9381607523671937e-03, -9.9254481013042123e-05, 0. ]
K_Camera_B17: !!opencv-matrix
   rows: 3
   cols: 3
   dt: d
   data: [ 1.1997039042697520e+03, 0., 512., 0., 1.2100503565393303e+03,
       512., 0., 0., 1. ]
dist_Camera_B17: !!opencv-matrix
   rows: 1
   cols: 5
   dt: d
   data: [ -2.1719725389641853e-01, 3.6350040104665882e-01,
       -2.9381607523671937e-03, -9.9254481013042123e-05, 0. ]
K_Camera_B18: !!opencv-matrix
   rows: 3
   cols: 3
   dt: d
   data: [ 1.1997039042697520e+03, 0., 512., 0., 1.2100503565393303e+03,
       512., 0., 0., 1. ]
dist_Camera_B18: !!opencv-matrix
   rows: 1
   cols: 5
   dt: d
   data: [ -2.1719725389641853e-01, 3.6350040104665882e-01,
       -2.9381607523671937e-03, -9.9254481013042123e-05, 0. ]
K_Camera_B19: !!opencv-matrix
   rows: 3
   cols: 3
   dt: d
   data: [ 1.1997039042697520e+03, 0., 512., 0., 1.2100503565393303e+03,
       512., 0., 0., 1. ]
dist_Camera_B19: !!opencv-matrix
   rows: 1
   cols: 5
   dt: d
   data: [ -2.1719725389641853e-01, 3.6350040104665882e-01,
       -2.9381607523671937e-03, -9.9254481013042123e-05, 0. ]
K_Camera_B20: !!opencv-matrix
   rows: 3
   cols: 3
   dt: d
   data: [ 1.1997039042697520e+03, 0., 512., 0., 1.2100503565393303e+03,
       512., 0., 0., 1. ]
dist_Camera_B20: !!opencv-matrix
   rows: 1
   cols: 5
   dt: d
   data: [ -2.1719725389641853e-01, 3.6350040104665882e-01,
       -2.9381607523671937e-03, -9.9254481013042123e-05, 0. ]
K_Camera_B21: !!opencv-matrix
   rows: 3
   cols: 3
   dt: d
   data: [ 1.1997039042697520e+03, 0., 512., 0., 1.2100503565393303e+03,
       512., 0., 0., 1. ]
dist_Camera_B21: !!opencv-matrix
   rows: 1
   cols: 5
   dt: d
   data: [ -2.1719725389641853e-01, 3.6350040104665882e-01,
       -2.9381607523671937e-03, -9.9254481013042123e-05, 0. ]
K_Camera_B22: !!opencv-matrix
   rows: 3
   cols: 3
   dt: d
   data: [ 1.1997039042697520e+03, 0., 512., 0., 1.2100503565393303e+03,
       512., 0., 0., 1. ]
dist_Camera_B22: !!opencv-matrix
   rows: 1
   cols: 5
   dt: d
   data: [ -2.1719725389641853e-01, 3.6350040104665882e-01,
       -2.9381607523671937e-03, -9.9254481013042123e-05, 0. ]
